threshold	FDR	shuffled_peaks	peaks
32.05	0.0	0.0	9695.0
28.81	0.0022293561619404316	25.0	11214.0
28.5	0.0048330404217926184	55.0	11380.0
26.64	0.005491842997900178	68.0	12382.0
25.89	0.007907638779060573	100.0	12646.0
25.37	0.007795615930842853	101.0	12956.0
25.11	0.008036391205458682	106.0	13190.0
24.96	0.00947653429602888	126.0	13296.0
24.93	0.011498572072749135	153.0	13306.0
24.7	0.015686860386942555	210.0	13387.0
24.56	0.015670256219829187	211.0	13465.0
24.15	0.01563870213387898	214.0	13684.0
24.03	0.019328878350219156	269.0	13917.0
23.89	0.020332453449382892	285.0	14017.0
23.64	0.021106875617676126	299.0	14166.0
23.4	0.022473478503629258	322.0	14328.0
23.28	0.02256523845781131	326.0	14447.0
23.22	0.023998344941728155	348.0	14501.0
22.97	0.023838714071652365	350.0	14682.0
22.94	0.024025045940243652	353.0	14693.0
22.87	0.024504480043442845	361.0	14732.0
22.7	0.02580471742490424	384.0	14881.0
22.67	0.0262752195187345	392.0	14919.0
22.6	0.027254509018036072	408.0	14970.0
22.56	0.031	465.0	15000.0
22.49	0.031121433311214333	469.0	15070.0
22.37	0.031192419057646747	474.0	15196.0
22.31	0.03286292957010323	503.0	15306.0
22.11	0.03574213672991942	550.0	15388.0
22.06	0.03682847896440129	569.0	15450.0
21.95	0.04109058017831761	636.0	15478.0
21.92	0.04326488441172672	670.0	15486.0
21.66	0.04725316941990011	738.0	15618.0
21.54	0.04888917181233688	768.0	15709.0
21.46	0.051353578900653014	810.0	15773.0
21.34	0.05219312085831493	827.0	15845.0
21.29	0.05388202672044366	855.0	15868.0
21.27	0.05461073318216175	867.0	15876.0
21.12	0.06164599206599081	979.0	15881.0
21.05	0.06181499342393687	987.0	15967.0
21.03	0.06213701367638794	995.0	16013.0
21.02	0.06296804792810784	1009.0	16024.0
20.97	0.06419676214196762	1031.0	16060.0
20.94	0.06536761501587499	1050.0	16063.0
20.88	0.06627255756067206	1065.0	16070.0
20.81	0.06637278033031169	1069.0	16106.0
20.79	0.06655099764530921	1074.0	16138.0
20.78	0.07076961178874373	1143.0	16151.0
20.75	0.07360939431396786	1191.0	16180.0
20.72	0.07448778079486547	1207.0	16204.0
20.64	0.07520823125918667	1228.0	16328.0
20.56	0.077068933879748	1260.0	16349.0
20.55	0.07724770642201835	1263.0	16350.0
20.47	0.07782172193489505	1279.0	16435.0
20.42	0.07923679893054628	1304.0	16457.0
20.36	0.08078364977627282	1336.0	16538.0
20.31	0.0819236346060899	1356.0	16552.0
20.17	0.08468056974577799	1409.0	16639.0
20.1	0.08461861609554101	1410.0	16663.0
20.06	0.08784878487848785	1464.0	16665.0
20.01	0.08941344778254649	1500.0	16776.0
19.96	0.0902327242426046	1516.0	16801.0
19.87	0.09300947867298578	1570.0	16880.0
19.85	0.09337900891855178	1581.0	16931.0
19.84	0.09388092287720541	1591.0	16947.0
19.81	0.09476412038400377	1609.0	16979.0
19.77	0.09696364597404122	1651.0	17027.0
19.66	0.09714385434238845	1670.0	17191.0
19.61	0.09882271066519747	1704.0	17243.0
19.47	0.10367583212735167	1791.0	17275.0
19.43	0.10424599053882543	1807.0	17334.0
19.38	0.10592976396085205	1840.0	17370.0
19.36	0.10755161902570887	1870.0	17387.0
19.33	0.10968628348980994	1916.0	17468.0
19.31	0.11243348400755278	1965.0	17477.0
19.29	0.11475128644939965	2007.0	17490.0
19.24	0.11713616364779156	2050.0	17501.0
19.21	0.11752953935726924	2059.0	17519.0
19.19	0.11761031290817196	2071.0	17609.0
19.16	0.11791730474732007	2079.0	17631.0
19.13	0.11941483329553186	2106.0	17636.0
19.09	0.12033054109123839	2126.0	17668.0
19.06	0.12304908391766568	2176.0	17684.0
19.04	0.12397581510990563	2194.0	17697.0
19.02	0.1289192700977346	2282.0	17701.0
18.97	0.13069463238610735	2318.0	17736.0
18.95	0.1305422871593144	2323.0	17795.0
18.94	0.13150207841815525	2341.0	17802.0
18.88	0.13243439825435013	2367.0	17873.0
18.86	0.13363900693357192	2390.0	17884.0
18.85	0.13589356587847282	2431.0	17889.0
18.82	0.13870895689077506	2484.0	17908.0
18.78	0.13926520599877348	2498.0	17937.0
18.73	0.1393743738172103	2504.0	17966.0
18.72	0.13955946156413393	2509.0	17978.0
18.71	0.13959179133529837	2510.0	17981.0
18.68	0.13974259403084432	2519.0	18026.0
18.57	0.1443208108405861	2620.0	18154.0
18.52	0.14755540889842161	2683.0	18183.0
18.5	0.14805052169137836	2696.0	18210.0
18.49	0.15250425146744198	2780.0	18229.0
18.41	0.15465835111329942	2827.0	18279.0
18.39	0.15527780809955244	2845.0	18322.0
18.36	0.15660418482999128	2874.0	18352.0
18.35	0.15673793591208313	2881.0	18381.0
18.27	0.1603804347826087	2951.0	18400.0
18.26	0.16383290781682872	3016.0	18409.0
18.22	0.16713742531233025	3077.0	18410.0
18.19	0.16884667571234735	3111.0	18425.0
18.17	0.1689995659722222	3115.0	18432.0
18.16	0.173795197051011	3206.0	18447.0
18.09	0.17727961880008664	3274.0	18468.0
18.05	0.1786100887638017	3300.0	18476.0
18.04	0.17792270791785694	3301.0	18553.0
18.02	0.1781485468245425	3310.0	18580.0
17.99	0.1812221207072607	3372.0	18607.0
17.95	0.1829261744966443	3407.0	18625.0
17.93	0.18605648143186324	3472.0	18661.0
17.88	0.1874833696982598	3523.0	18791.0
17.87	0.1876593033135089	3534.0	18832.0
17.85	0.18857810095005573	3553.0	18841.0
17.83	0.1905417571360483	3598.0	18883.0
17.81	0.19342777397440625	3673.0	18989.0
17.79	0.19391835016835016	3686.0	19008.0
17.76	0.20115698133052853	3825.0	19015.0
17.72	0.20155079373395504	3847.0	19087.0
17.71	0.20272322597538622	3871.0	19095.0
17.67	0.2050786352474006	3925.0	19139.0
17.66	0.20613669514482183	3957.0	19196.0
17.61	0.21366142961190301	4107.0	19222.0
17.57	0.21517341791898498	4138.0	19231.0
17.55	0.2171134663341646	4179.0	19248.0
17.47	0.2158361984913019	4206.0	19487.0
17.43	0.2229573780581628	4347.0	19497.0
17.4	0.22428900845503458	4377.0	19515.0
17.38	0.22541402576160294	4410.0	19564.0
17.34	0.22771619757879144	4458.0	19577.0
17.33	0.22912303999182798	4486.0	19579.0
17.31	0.23162833392829824	4542.0	19609.0
17.29	0.23297856087997149	4575.0	19637.0
17.27	0.2336862465641861	4591.0	19646.0
17.25	0.23471099588226324	4617.0	19671.0
17.21	0.2350761421319797	4631.0	19700.0
17.19	0.23469903894790087	4640.0	19770.0
17.16	0.2364186633039092	4687.0	19825.0
17.12	0.2392301103441326	4748.0	19847.0
17.1	0.2391019832880298	4750.0	19866.0
17.08	0.23932865731462927	4777.0	19960.0
17.07	0.23956924618081643	4783.0	19965.0
17.06	0.23941408788681698	4789.0	20003.0
17.03	0.24162751174647606	4834.0	20006.0
17.02	0.24336482231219073	4869.0	20007.0
17.01	0.2437537477513492	4878.0	20012.0
17.0	0.24380743108270075	4882.0	20024.0
16.95	0.24463197842804354	4899.0	20026.0
16.93	0.2457251109227778	4929.0	20059.0
16.91	0.24737392343306616	4969.0	20087.0
16.9	0.25006208095356347	5035.0	20135.0
16.89	0.2544416873449131	5127.0	20150.0
16.88	0.25581626072721864	5157.0	20159.0
16.87	0.2566937723125744	5177.0	20168.0
16.86	0.2623867742414493	5301.0	20203.0
16.85	0.2618565858954745	5306.0	20263.0
16.84	0.26172048311560264	5309.0	20285.0
16.8	0.2618063754427391	5322.0	20328.0
16.78	0.26332612116443743	5355.0	20336.0
16.75	0.26562115923504254	5403.0	20341.0
16.74	0.26635651322233106	5439.0	20420.0
16.72	0.2660375513397223	5441.0	20452.0
16.69	0.26640926640926643	5451.0	20461.0
16.68	0.2670868142068494	5467.0	20469.0
16.67	0.27025838909783617	5533.0	20473.0
16.66	0.2716061418474287	5572.0	20515.0
16.65	0.27286013543138304	5601.0	20527.0
16.63	0.27331939921256015	5623.0	20573.0
16.6	0.27683944865074744	5704.0	20604.0
16.54	0.27903381642512076	5776.0	20700.0
16.51	0.28032462199893726	5803.0	20701.0
16.5	0.28327941673506835	5867.0	20711.0
16.48	0.2831653566089598	5872.0	20737.0
16.47	0.2850462784419591	5913.0	20744.0
16.45	0.2879734666410306	5991.0	20804.0
16.41	0.29009649080697036	6043.0	20831.0
16.36	0.28807994289793004	6054.0	21015.0
16.34	0.28994814709100425	6095.0	21021.0
16.33	0.2953767123287671	6210.0	21024.0
16.32	0.2985549957220268	6281.0	21038.0
16.31	0.2985932896112537	6283.0	21042.0
16.28	0.2998482980942448	6325.0	21094.0
16.27	0.3000521252902431	6332.0	21103.0
16.24	0.2994147630734378	6344.0	21188.0
16.23	0.3012974758197688	6386.0	21195.0
16.22	0.3011770244821092	6397.0	21240.0
16.2	0.3018246802106847	6418.0	21264.0
16.19	0.30358483483483484	6470.0	21312.0
16.18	0.30497682475771337	6514.0	21359.0
16.17	0.3079801665263355	6584.0	21378.0
16.12	0.3077675783980243	6605.0	21461.0
16.11	0.30917559385188637	6638.0	21470.0
16.1	0.3114731207819409	6692.0	21485.0
16.08	0.3151455949390641	6775.0	21498.0
16.07	0.315139127607191	6784.0	21527.0
16.05	0.3174390074533586	6857.0	21601.0
16.04	0.3183122050522809	6880.0	21614.0
16.02	0.321496277800897	6953.0	21627.0
16.01	0.321933635271282	6966.0	21638.0
16.0	0.3245066777577522	7022.0	21639.0
15.96	0.32376219399963185	7036.0	21732.0
15.95	0.32485628880202344	7064.0	21745.0
15.93	0.3259432663178188	7101.0	21786.0
15.92	0.3263582966226138	7112.0	21792.0
15.9	0.3263312388203458	7115.0	21803.0
15.89	0.3278373179444902	7158.0	21834.0
15.86	0.33064958828911256	7228.0	21860.0
15.85	0.3318395902876217	7257.0	21869.0
15.83	0.33633126369612854	7367.0	21904.0
15.82	0.33906656325562295	7432.0	21919.0
15.81	0.3394282066481237	7444.0	21931.0
15.79	0.3399398578458174	7461.0	21948.0
15.76	0.3416332847778587	7505.0	21968.0
15.75	0.342059812744296	7526.0	22002.0
15.74	0.3443762781186094	7578.0	22005.0
15.72	0.34884671267707956	7683.0	22024.0
15.69	0.3512117780294451	7753.0	22075.0
15.67	0.35741427666696823	7901.0	22106.0
15.66	0.3585118886176657	7931.0	22122.0
15.61	0.3622079149970735	8045.0	22211.0
15.59	0.36293731450670025	8071.0	22238.0
15.58	0.36433726298803176	8128.0	22309.0
15.56	0.36785986290936784	8211.0	22321.0
15.54	0.3701667337177596	8281.0	22371.0
15.5	0.3726984976149079	8360.0	22431.0
15.49	0.3763316246935592	8443.0	22435.0
15.48	0.37985393658710365	8530.0	22456.0
15.47	0.3808994261821093	8563.0	22481.0
15.46	0.38177208433413395	8583.0	22482.0
15.45	0.3815923708139277	8603.0	22545.0
15.43	0.38295987955008415	8648.0	22582.0
15.42	0.38507832551553234	8702.0	22598.0
15.41	0.38745354804459387	8758.0	22604.0
15.4	0.38870211448288067	8787.0	22606.0
15.37	0.39322363765038926	8890.0	22608.0
15.35	0.40037942292420364	9075.0	22666.0
15.3	0.4043749450935606	9206.0	22766.0
15.29	0.40588932285952517	9249.0	22787.0
15.27	0.4100911800806593	9355.0	22812.0
15.26	0.40981955150665733	9357.0	22832.0
15.25	0.4130035026269702	9433.0	22840.0
15.22	0.4134678370234508	9468.0	22899.0
15.2	0.4194167976252837	9608.0	22908.0
15.19	0.41873638344226577	9610.0	22950.0
15.18	0.41960596703344494	9648.0	22993.0
15.17	0.42189673157162727	9707.0	23008.0
15.16	0.4234910985670864	9753.0	23030.0
15.14	0.42769363911726527	9884.0	23110.0
15.13	0.4295774647887324	9943.0	23146.0
15.11	0.43077986009154506	9976.0	23158.0
15.1	0.43472629943015023	10070.0	23164.0
15.08	0.43689027022360355	10121.0	23166.0
15.06	0.43777212570591023	10155.0	23197.0
15.05	0.438768912453123	10179.0	23199.0
15.04	0.4435928349982776	10302.0	23224.0
15.03	0.4444109801221926	10329.0	23242.0
15.02	0.4443584118380866	10330.0	23247.0
15.0	0.450799931188715	10482.0	23252.0
14.98	0.452884532714298	10535.0	23262.0
14.95	0.45850345983581897	10668.0	23267.0
14.94	0.4589502596455088	10694.0	23301.0
14.93	0.46026092180928674	10725.0	23302.0
14.91	0.46604064831489583	10869.0	23322.0
14.9	0.46931871708131717	10960.0	23353.0
14.87	0.47858457062171067	11185.0	23371.0
14.86	0.47953816549069916	11214.0	23385.0
14.85	0.4807068465084514	11262.0	23428.0
14.83	0.48340302073555763	11330.0	23438.0
14.82	0.4840044361030541	11347.0	23444.0
14.81	0.4866086659843057	11410.0	23448.0
14.8	0.48708125824713744	11443.0	23493.0
14.79	0.48709129511677285	11471.0	23550.0
14.78	0.48715662548295335	11474.0	23553.0
14.76	0.48646702528696684	11485.0	23609.0
14.71	0.4938031386151178	11674.0	23641.0
14.7	0.49468040192518786	11717.0	23686.0
14.67	0.4951963593460307	11752.0	23732.0
14.65	0.49481288588348943	11781.0	23809.0
14.63	0.49735538577785243	11848.0	23822.0
14.62	0.5013010996390498	11944.0	23826.0
14.61	0.5060791547878585	12071.0	23852.0
14.6	0.5066649899396378	12087.0	23856.0
14.59	0.507498952660243	12114.0	23870.0
14.58	0.50858934169279	12168.0	23925.0
14.57	0.509445791189501	12189.0	23926.0
14.55	0.5102449609815132	12227.0	23963.0
14.52	0.5106303151575788	12249.0	23988.0
14.5	0.5144867205062027	12359.0	24022.0
14.48	0.514519886836412	12367.0	24036.0
14.45	0.5183507211438547	12471.0	24059.0
14.44	0.5173685955894545	12481.0	24124.0
14.43	0.518744045399942	12523.0	24141.0
14.42	0.5256293474660484	12695.0	24152.0
14.41	0.5255338520112565	12699.0	24164.0
14.39	0.5291007476558305	12809.0	24209.0
14.38	0.5299921562151674	12838.0	24223.0
14.37	0.5308244615003713	12864.0	24234.0
14.36	0.5313762678321101	12888.0	24254.0
14.35	0.5306122448979592	12896.0	24304.0
14.34	0.5338379890566504	12976.0	24307.0
14.33	0.5386099593579375	13120.0	24359.0
14.3	0.5458013701439882	13305.0	24377.0
14.29	0.546369812556274	13350.0	24434.0
14.28	0.550889388673073	13472.0	24455.0
14.27	0.5514549615824751	13493.0	24468.0
14.26	0.5543931344503473	13566.0	24470.0
14.25	0.5615431720759338	13755.0	24495.0
14.24	0.5624592302674495	13796.0	24528.0
14.23	0.5633194885577001	13834.0	24558.0
14.22	0.5653165072257277	13887.0	24565.0
14.21	0.5718065619148417	14047.0	24566.0
14.18	0.5771358828315704	14186.0	24580.0
14.17	0.5772450223486387	14206.0	24610.0
14.16	0.5782075241732347	14232.0	24614.0
14.15	0.5785867758543803	14272.0	24667.0
14.14	0.5796954725844334	14315.0	24694.0
14.13	0.5808811641067098	14371.0	24740.0
14.12	0.5808001291833192	14387.0	24771.0
14.09	0.5833467872134324	14453.0	24776.0
14.07	0.5856186481690595	14521.0	24796.0
14.06	0.5859510464131619	14531.0	24799.0
14.05	0.5877644598181965	14613.0	24862.0
14.04	0.5876491622805255	14626.0	24889.0
14.03	0.5871037550595118	14650.0	24953.0
14.02	0.5896942741515406	14717.0	24957.0
14.0	0.5931566534756366	14839.0	25017.0
13.99	0.5945180338333865	14901.0	25064.0
13.98	0.5950634021851823	14923.0	25078.0
13.97	0.5951242829827916	14940.0	25104.0
13.95	0.5978438158889287	15028.0	25137.0
13.94	0.5982763413956075	15064.0	25179.0
13.93	0.6014986916184284	15171.0	25222.0
13.91	0.6057258256117842	15297.0	25254.0
13.89	0.6083415694801344	15388.0	25295.0
13.88	0.6108347153123272	15470.0	25326.0
13.87	0.6116259809914422	15509.0	25357.0
13.86	0.6123502522068096	15539.0	25376.0
13.84	0.6196584559691508	15748.0	25414.0
13.83	0.6201681332495286	15787.0	25456.0
13.82	0.6234148639629382	15879.0	25471.0
13.8	0.6235631056534191	15894.0	25489.0
13.78	0.6283241295578271	16043.0	25533.0
13.77	0.628454011741683	16057.0	25550.0
13.76	0.6290108517448669	16114.0	25618.0
13.74	0.6301006475774362	16152.0	25634.0
13.72	0.6299789539324967	16164.0	25658.0
13.69	0.6362290034685686	16325.0	25659.0
13.68	0.6364981120323874	16351.0	25689.0
13.67	0.6371413018119605	16386.0	25718.0
13.66	0.6403822249844624	16486.0	25744.0
13.64	0.6433425232011805	16568.0	25753.0
13.61	0.6454030128902003	16623.0	25756.0
13.6	0.6462099464659787	16658.0	25778.0
13.59	0.6490589419874525	16760.0	25822.0
13.58	0.6493340560631873	16771.0	25828.0
13.57	0.6506695564672188	16812.0	25838.0
13.56	0.6542345339884706	16910.0	25847.0
13.55	0.6540926640926641	16941.0	25900.0
13.54	0.6531043491624404	16999.0	26028.0
13.53	0.6538225124855935	17019.0	26030.0
13.52	0.6557842986633892	17074.0	26036.0
13.51	0.6566734482361521	17107.0	26051.0
13.5	0.6580694684321627	17146.0	26055.0
13.49	0.6639944766215335	17311.0	26071.0
13.48	0.6642898217366302	17328.0	26085.0
13.47	0.6647121943741856	17345.0	26094.0
13.45	0.6668326311757947	17411.0	26110.0
13.44	0.6684659852226178	17461.0	26121.0
13.43	0.6680092715735076	17580.0	26317.0
13.42	0.6681607536275925	17590.0	26326.0
13.41	0.6699552250132808	17656.0	26354.0
13.39	0.6726817802714383	17744.0	26378.0
13.37	0.6749630639845436	17817.0	26397.0
13.36	0.676350276494205	17857.0	26402.0
13.35	0.6799894123875067	17983.0	26446.0
13.33	0.6844251463092317	18127.0	26485.0
13.32	0.6863255603350691	18189.0	26502.0
13.3	0.6888059138568303	18263.0	26514.0
13.29	0.6881485937734998	18302.0	26596.0
13.28	0.6908940584012928	18384.0	26609.0
13.27	0.6943547781698071	18499.0	26642.0
13.25	0.696821882856178	18571.0	26651.0
13.22	0.7031021418657865	18744.0	26659.0
13.21	0.7038967858080486	18768.0	26663.0
13.2	0.704931558222389	18797.0	26665.0
13.19	0.7138627590600757	19048.0	26683.0
13.18	0.7194920967862761	19209.0	26698.0
13.16	0.7231638418079096	19328.0	26727.0
13.15	0.7257189872470923	19405.0	26739.0
13.14	0.7282637100085863	19508.0	26787.0
13.12	0.7329954157504379	19667.0	26831.0
13.1	0.7353400803691026	19763.0	26876.0
13.09	0.7342369105087263	19773.0	26930.0
13.08	0.7390515005557614	19947.0	26990.0
13.07	0.745777152170692	20133.0	26996.0
13.06	0.7464111291993488	20174.0	27028.0
13.05	0.7510356561621542	20305.0	27036.0
13.03	0.7549095750582492	20412.0	27039.0
13.02	0.7562786231348796	20477.0	27076.0
12.97	0.7627937866656828	20674.0	27103.0
12.95	0.7658885043081228	20800.0	27158.0
12.93	0.7684326710816777	20886.0	27180.0
12.92	0.7670362755176972	20891.0	27236.0
12.9	0.7746458195698451	21106.0	27246.0
12.89	0.7753926317334507	21131.0	27252.0
12.88	0.7771996042361391	21209.0	27289.0
12.87	0.7772527472527473	21219.0	27300.0
12.86	0.7788887668021829	21266.0	27303.0
12.85	0.7819213174748398	21366.0	27325.0
12.84	0.7820916276346604	21373.0	27328.0
12.81	0.7859677360354099	21486.0	27337.0
12.8	0.7903143274853801	21623.0	27360.0
12.79	0.7907248067668077	21688.0	27428.0
12.78	0.7961790393013101	21879.0	27480.0
12.76	0.8014628288635784	22025.0	27481.0
12.75	0.8013018655223826	22035.0	27499.0
12.74	0.801118413885762	22062.0	27539.0
12.73	0.8021834536288129	22117.0	27571.0
12.72	0.8048409305022103	22212.0	27598.0
12.7	0.8103479488757739	22381.0	27619.0
12.69	0.8135378604247314	22487.0	27641.0
12.66	0.8141535347694087	22526.0	27668.0
12.65	0.8134357975249846	22546.0	27717.0
12.64	0.8094041636755205	22550.0	27860.0
12.63	0.8103442087505832	22577.0	27861.0
12.61	0.8144918173987942	22695.0	27864.0
12.6	0.822588741484403	22942.0	27890.0
12.58	0.8258952575545757	23040.0	27897.0
12.57	0.8252694911005265	23044.0	27923.0
12.56	0.8311488325454806	23209.0	27924.0
12.54	0.8329456393372222	23275.0	27943.0
12.52	0.8389218560091514	23468.0	27974.0
12.5	0.84604676066393	23702.0	28015.0
12.49	0.8463513802696341	23730.0	28038.0
12.48	0.8474980425653071	23813.0	28098.0
12.46	0.8502542583834145	23910.0	28121.0
12.45	0.8560380303675322	24130.0	28188.0
12.44	0.8591089670828603	24220.0	28192.0
12.42	0.8611909068340604	24283.0	28197.0
12.41	0.863742648621838	24380.0	28226.0
12.4	0.863710362400906	24405.0	28256.0
12.39	0.8637906647807638	24428.0	28280.0
12.37	0.866584202155858	24520.0	28295.0
12.36	0.8707756281495578	24710.0	28377.0
12.35	0.8714778810932657	24743.0	28392.0
12.34	0.8730532606785024	24834.0	28445.0
12.33	0.8749034749034749	24926.0	28490.0
12.32	0.8759725240064484	24995.0	28534.0
12.31	0.8793537557700377	25146.0	28596.0
12.27	0.8933999510848678	25570.0	28621.0
12.26	0.8934589220303506	25611.0	28665.0
12.25	0.893335192414947	25628.0	28688.0
12.24	0.8957245317178469	25727.0	28722.0
12.22	0.8999652052887961	25865.0	28740.0
12.21	0.9027763299628201	25981.0	28779.0
12.19	0.9065391412828776	26160.0	28857.0
12.18	0.9062196980191162	26168.0	28876.0
12.17	0.9107099713526386	26386.0	28973.0
12.16	0.9115120571290578	26422.0	28987.0
12.15	0.915253653156879	26557.0	29016.0
12.14	0.9187019876675049	26669.0	29029.0
12.12	0.9206666207561462	26738.0	29042.0
12.11	0.9231325301204819	26817.0	29050.0
12.1	0.9257631425333929	26961.0	29123.0
12.09	0.9260085836909872	26970.0	29125.0
12.08	0.9338184813950295	27204.0	29132.0
12.07	0.9332419934920363	27246.0	29195.0
12.04	0.9479073909171861	27677.0	29198.0
12.03	0.9525130101342099	27821.0	29208.0
12.02	0.9513877035469225	27869.0	29293.0
12.01	0.9514705381181202	27919.0	29343.0
12.0	0.9521527848574438	28019.0	29427.0
11.98	0.959998641719583	28271.0	29449.0
11.97	0.9599158266300105	28282.0	29463.0
11.96	0.9625224492562096	28405.0	29511.0
11.95	0.9636289749060246	28455.0	29529.0
11.94	0.9688345966432051	28631.0	29552.0
11.93	0.97032781345049	28712.0	29590.0
11.92	0.9703428474919777	28727.0	29605.0
11.91	0.9715375784995611	28775.0	29618.0
11.9	0.9719131431654191	28825.0	29658.0
11.89	0.9709593835178517	28854.0	29717.0
11.88	0.9712297919537526	28897.0	29753.0
11.87	0.9752738023248001	29030.0	29766.0
11.86	0.9825645849430578	29248.0	29767.0
11.82	0.9874664879356568	29466.0	29840.0
11.81	0.9875204924888755	29516.0	29889.0
11.8	0.9896307198287396	29586.0	29896.0
11.78	0.9895868099592817	29650.0	29962.0
11.77	0.9899976661220952	29693.0	29993.0
11.76	0.9944712739383846	29859.0	30025.0
11.75	0.9951414309484193	29904.0	30050.0
11.73	0.9948176200916883	29946.0	30102.0
11.71	0.9986056239832675	30079.0	30121.0
11.7	0.9976785062846151	30083.0	30153.0
11.69	0.9954707749272679	30111.0	30248.0
11.68	0.9956046135034204	30126.0	30259.0
11.66	0.999405508950393	30260.0	30278.0
11.65	0.9996700976510953	30302.0	30312.0
1.1	1.0	153616.0	113822.0
